1206
0.0751682 2.488 3.69449e-06 0.0821382 144.262
0.0725805 2.48504 0.125573 0.163305 144.262
-0.0557997 2.48637 0.0968744 0.124683 144.262
-0.120091 2.48601 0.000185353 0.134322 144.262
-0.042631 2.48758 -0.0734865 0.0935083 144.262
0.0327067 2.4884 -0.0569921 0.0711489 144.262
0.0425295 2.44623 -0.0627356 0.0164276 144.262
0.0577634 2.40853 0.0112829 0.0164276 144.262
0.114537 2.48065 -0.0717088 0.0164276 144.262
0.0885371 2.56899 0.00293591 0.0164276 144.262
0.0357418 2.48282 -0.0718665 0.0164276 144.262
0.0787069 2.57006 0.00133339 0.0164276 144.262
0.0652446 2.5691 0.00850391 0.0164276 144.262
0.01441 2.44623 -0.036192 0.0164276 144.262
0.0804034 2.40738 -0.0147765 0.0164276 144.262
0.143196 2.47696 0.0446909 0.0164276 144.262
0.0101489 2.4538 0.0367311 0.0164276 144.262
0.128076 2.43623 -0.0355843 0.0164276 144.262
0.0671817 2.42819 0.0557219 0.0164276 144.262
0.0790328 2.56915 -0.0121434 0.0164276 144.262
0.0303643 2.53306 -0.052045 0.0164276 144.262
0.128322 2.42548 -0.00338255 0.0164276 144.262
0.0786777 2.52162 0.074867 0.0164276 144.262
0.0693642 2.4062 -0.00455547 0.0164276 144.262
0.0381839 2.43154 -0.0467947 0.0164276 144.262
0.067464 2.56863 -0.0136481 0.0164276 144.262
0.0663627 2.41163 0.0289228 0.0164276 144.262
0.0842829 2.50383 -0.0800777 0.0164276 144.262
0.0818599 2.49341 0.0816902 0.0164276 144.262
0.0389897 2.54371 0.0483273 0.0164276 144.262
0.0387245 2.56153 0.00353759 0.0164276 144.262
0.0922741 2.40892 -0.0141373 0.0164276 144.262
0.092863 2.56773 -0.00878808 0.0164276 144.262
-0.00646124 2.49189 -0.00825461 0.0164276 144.262
0.146673 2.52797 -0.00601357 0.0164276 144.262
0.0670355 2.49012 0.0817108 0.0164276 144.262
0.101768 2.56535 -0.00750368 0.0164276 144.262
0.0612301 2.56895 -4.97481e-05 0.0164276 144.262
0.0640511 2.51803 0.0756462 0.0164276 144.262
0.0486758 2.41036 -0.0040635 0.0164276 144.262
0.151571 2.49257 -0.0298025 0.0164276 144.262
0.0810152 2.56892 -0.0128288 0.0164276 144.262
0.0967669 2.42499 -0.0480499 0.0164276 144.262
0.111087 2.56181 0.00313816 0.0164276 144.262
0.118293 2.43952 -0.0503568 0.0164276 144.262
0.0665019 2.45604 -0.0751604 0.0164276 144.262
0.134246 2.43094 -0.000408002 0.0164276 144.262
0.0734586 2.41085 0.0281226 0.0164276 144.262
0.0382217 2.53733 0.0543014 0.0164276 144.262
0.00602429 2.48887 -0.0443252 0.0164276 144.262
0.0382113 2.41747 0.0201485 0.0164276 144.262
0.0660492 2.41631 0.0390432 0.0164276 144.262
-0.000472633 2.5143 -0.0182675 0.0164276 144.262
0.0568517 2.49747 0.0795127 0.0164276 144.262
0.104197 2.55595 0.0358765 0.0164276 144.262
0.0997076 2.46821 -0.0758425 0.0164276 144.262
0.0718543 2.57006 -0.00180953 0.0164276 144.262
0.153907 2.48365 -0.022973 0.0164276 144.262
0.0166603 2.43378 -0.0195579 0.0164276 144.262
0.0508054 2.41204 -0.0195638 0.0164276 144.262
0.0917973 2.41468 0.0330641 0.0164276 144.262
0.0678211 2.55306 -0.0496052 0.0164276 144.262
0.107225 2.56153 0.0176925 0.0164276 144.262
0.140668 2.53755 0.0011786 0.0164276 144.262
0.154398 2.5051 0.013302 0.0164276 144.262
0.13202 2.4342 -0.0248955 0.0164276 144.262
0.102446 2.54636 0.0509643 0.0164276 144.262
0.129978 2.52932 -0.0451147 0.0164276 144.262
0.115591 2.44778 0.059117 0.0164276 144.262
0.0204716 2.44704 0.0455725 0.0164276 144.262
-1.74179e-05 2.52108 0.000251858 0.0164276 144.262
0.0483412 2.56326 -0.0190538 0.0164276 144.262
0.0383504 2.41751 -0.0205342 0.0164276 144.262
0.0593411 2.4075 -0.00398259 0.0164276 144.262
0.116211 2.55904 -0.0039689 0.0164276 144.262
0.126038 2.50821 0.0612466 0.0164276 144.262
0.0731495 2.47154 0.0804491 0.0164276 144.262
-0.00446581 2.49591 0.0185153 0.0164276 144.262
0.0773072 2.40621 0.00721623 0.0164276 144.262
0.0589883 2.55562 0.0437405 0.0164276 144.262
0.125918 2.45247 0.0539328 0.0164276 144.262
0.0201239 2.4538 -0.0504609 0.0164276 144.262
0.0717726 2.42123 0.04772 0.0164276 144.262
0.0128389 2.49796 0.0525636 0.0164276 144.262
0.127263 2.55091 0.00867771 0.0164276 144.262
0.0479973 2.41131 0.0112108 0.0164276 144.262
0.113109 2.55993 -0.0115754 0.0164276 144.262
0.130058 2.50758 0.0578872 0.0164276 144.262
0.0946974 2.40981 0.0158604 0.0164276 144.262
0.115602 2.55738 0.0172891 0.0164276 144.262
0.075853 2.52179 0.0748684 0.0164276 144.262
0.0866325 2.5623 -0.0330932 0.0164276 144.262
0.0284325 2.50244 0.0659898 0.0164276 144.262
0.105064 2.49852 -0.0757744 0.0164276 144.262
0.0600565 2.40855 -0.0143325 0.0164276 144.262
0.0570215 2.55331 -0.0463861 0.0164276 144.262
0.0703625 2.40939 0.0233003 0.0164276 144.262
0.0363971 2.41587 0.00631777 0.0164276 144.262
0.00878885 2.49059 -0.0483055 0.0164276 144.262
0.072489 2.41909 -0.0446019 0.0164276 144.262
0.153322 2.49303 -0.0247661 0.0164276 144.262
0.00357237 2.45913 0.0280531 0.0164276 144.262
0.0547302 2.41919 -0.0399093 0.0164276 144.262
0.138013 2.43541 -0.00554233 0.0164276 144.262
0.0772093 2.40645 -0.00954367 0.0164276 144.262
0.0153542 2.54227 -0.0149793 0.0164276 144.262
0.140169 2.48037 0.0496349 0.0164276 144.262
0.00644421 2.51422 -0.0365574 0.0164276 144.262
0.0416217 2.41392 0.0115098 0.0164276 144.262
0.113699 2.43135 -0.0452988 0.0164276 144.262
0.0919095 2.43547 -0.06088 0.0164276 144.262
0.0685885 2.43875 -0.0654013 0.0164276 144.262
0.0838674 2.56962 -0.00323702 0.0164276 144.262
-0.0047701 2.48651 0.0188264 0.0164276 144.262
0.0762418 2.56851 -0.0162456 0.0164276 144.262
0.0346803 2.4934 -0.0712583 0.0164276 144.262
0.0940033 2.44239 0.0656622 0.0164276 144.262
0.0844883 2.40798 -0.0159966 0.0164276 144.262
0.0436218 2.41254 -0.00756432 0.0164276 144.262
0.046696 2.5643 0.0107231 0.0164276 144.262
0.0707779 2.40603 0.00280969 0.0164276 144.262
0.0436618 2.50388 0.07418 0.0164276 144.262
0.135016 2.48063 -0.0557677 0.0164276 144.262
-0.00269992 2.50831 0.0164622 0.0164276 144.262
0.0400603 2.42264 0.0352396 0.0164276 144.262
0.129649 2.54947 -0.000438247 0.0164276 144.262
0.053606 2.56223 -0.0277963 0.0164276 144.262
0.149979 2.45409 0.000290368 0.0164276 144.262
0.0802125 2.56999 -0.00022041 0.0164276 144.262
0.045834 2.43597 0.0563808 0.0164276 144.262
0.0436814 2.51102 -0.0722852 0.0164276 144.262
0.0917181 2.44285 0.0665917 0.0164276 144.262
0.0604074 2.4173 -0.039105 0.0164276 144.262
0.105773 2.41553 0.023609 0.0164276 144.262
0.0817943 2.5672 -0.0207704 0.0164276 144.262
0.0901985 2.45458 0.0735131 0.0164276 144.262
0.123581 2.54952 0.0248792 0.0164276 144.262
0.150381 2.51162 -0.0230659 0.0164276 144.262
0.0597874 2.40779 0.008693 0.0164276 144.262
0.0565654 2.54374 -0.0573904 0.0164276 144.262
0.0888791 2.53884 -0.0630378 0.0164276 144.262
0.0257367 2.42705 0.0242517 0.0164276 144.262
0.100272 2.53852 0.0597065 0.0164276 144.262
0.0812196 2.56987 0.00272852 0.0164276 144.262
0.0703333 2.40613 0.00445257 0.0164276 144.262
0.0998039 2.41711 0.0333829 0.0164276 144.262
0.0140038 2.51768 -0.0460945 0.0164276 144.262
0.0997594 2.55642 -0.0382168 0.0164276 144.262
0.118422 2.55776 -0.00307461 0.0164276 144.262
0.0847705 2.54431 0.0590348 0.0164276 144.262
0.0848581 2.56555 0.0252969 0.0164276 144.262
0.0480714 2.45594 -0.0705957 0.0164276 144.262
0.0547076 2.42355 -0.0466141 0.0164276 144.262
0.0436342 2.43128 -0.0503385 0.0164276 144.262
0.143396 2.45042 0.026055 0.0164276 144.262
0.0849555 2.46249 0.0774627 0.0164276 144.262
0.0563259 2.53355 -0.0657006 0.0164276 144.262
0.0821032 2.56434 -0.0295162 0.0164276 144.262
-0.00235762 2.48607 -0.0270641 0.0164276 144.262
0.0360154 2.46801 0.0693872 0.0164276 144.262
0.113256 2.43676 0.0516731 0.0164276 144.262
0.0398643 2.56207 0.00374216 0.0164276 144.262
0.0840839 2.41302 -0.0323227 0.0164276 144.262
0.0685185 2.47387 -0.080635 0.0164276 144.262
0.123218 2.53006 0.0516653 0.0164276 144.262
0.0443847 2.48258 0.0759621 0.0164276 144.262
-0.00458754 2.47046 -0.00882725 0.0164276 144.262
0.0718726 2.506 0.0800789 0.0164276 144.262
0.0183397 2.52415 0.047021 0.0164276 144.262
-0.0038875 2.50657 0.0123436 0.0164276 144.262
0.0628888 2.51721 0.0757878 0.0164276 144.262
0.0664166 2.56836 0.0146089 0.0164276 144.262
0.0508778 2.54698 -0.05175 0.0164276 144.262
0.00301188 2.44922 -0.00599657 0.0164276 144.262
0.0604487 2.43483 -0.0608413 0.0164276 144.262
0.0563916 2.40812 0.00352093 0.0164276 144.262
0.063549 2.4079 0.0139433 0.0164276 144.262
-0.0050946 2.50317 -0.00862527 0.0164276 144.262
0.0142909 2.45185 0.0416393 0.0164276 144.262
0.150777 2.45665 -0.0068196 0.0164276 144.262
0.0616157 2.56212 -0.0327102 0.0164276 144.262
0.00767697 2.53095 -0.0186399 0.0164276 144.262
0.113678 2.47983 -0.0720852 0.0164276 144.262
0.0795948 2.56994 0.00381448 0.0164276 144.262
0.00215403 2.45681 -0.0210329 0.0164276 144.262
0.0681497 2.4089 0.0209711 0.0164276 144.262
0.070346 2.40638 0.00783562 0.0164276 144.262
0.0573395 2.41654 -0.0363596 0.0164276 144.262
0.108897 2.49741 -0.0742976 0.0164276 144.262
0.0831916 2.56961 0.00482186 0.0164276 144.262
0.0548913 2.43951 -0.0631109 0.0164276 144.262
0.00627048 2.50855 -0.0397186 0.0164276 144.262
0.129248 2.42627 -0.00325435 0.0164276 144.262
0.0599832 2.44155 0.0660162 0.0164276 144.262
0.0988617 2.42773 0.0505289 0.0164276 144.262
0.0790849 2.57005 3.5372e-05 0.0164276 144.262
0.0906057 2.56678 0.0174277 0.0164276 144.262
0.0753987 2.4095 -0.024164 0.0164276 144.262
0.0176721 2.43401 0.0229279 0.0164276 144.262
0.0787712 2.57006 -0.000824088 0.0164276 144.262
0.149625 2.47875 0.0334278 0.0164276 144.262
0.0120585 2.48059 0.0520502 0.0164276 144.262
0.0403911 2.55424 0.0339222 0.0164276 144.262
0.0322117 2.45877 -0.0636108 0.0164276 144.262
0.00904473 2.44182 -0.0155387 0.0164276 144.262
0.103648 2.53869 -0.0580194 0.0164276 144.262
0.0139826 2.55096 -0.0118673 0.032661 144.262
0.207992 2.57589 0.134492 0.032661 144.262
0.0217092 2.64014 0.12048 0.032661 144.262
0.0912571 2.35946 0.228276 0.032661 144.262
0.0990657 2.64559 0.139427 0.032661 144.262
0.06038 2.62902 0.0494743 0.032661 144.262
0.197788 2.58109 0.16761 0.032661 144.262
-0.0843162 2.49706 0.169248 0.032661 144.262
-0.0812707 2.47531 0.179458 0.032661 144.262
0.0569344 2.6298 0.199529 0.032661 144.262
0.0441616 2.34466 0.047134 0.032661 144.262
0.00559613 2.44767 -0.0185961 0.032661 144.262
0.204848 2.56635 0.1762 0.032661 144.262
0.0648131 2.32196 0.121971 0.032661 144.262
0.0741322 2.64834 0.126682 0.032661 144.262
0.0628184 2.6476 0.137814 0.032661 144.262
-0.0723925 2.49221 0.0507405 0.032661 144.262
0.0203006 2.37529 0.0165331 0.032661 144.262
0.230686 2.46523 0.161328 0.032661 144.262
0.133924 2.63614 0.116821 0.032661 144.262
0.0194073 2.62016 0.200296 0.032661 144.262
-0.047279 2.42969 0.029461 0.032661 144.262
0.014027 2.63633 0.10681 0.032661 144.262
0.056803 2.32338 0.142418 0.032661 144.262
0.150317 2.34218 0.110936 0.032661 144.262
0.0722388 2.59596 0.245434 0.032661 144.262
0.133679 2.52481 -0.0205558 0.032661 144.262
0.0734026 2.32958 0.175555 0.032661 144.262
0.0336699 2.36731 0.0193031 0.032661 144.262
0.0590685 2.5081 0.286677 0.032661 144.262
0.177543 2.40237 0.219469 0.032661 144.262
0.148874 2.61305 0.192366 0.032661 144.262
0.23386 2.46009 0.131474 0.032661 144.262
0.00381696 2.62502 0.0771234 0.032661 144.262
0.211409 2.51809 0.204967 0.032661 144.262
-0.0241633 2.39407 0.220613 0.032661 144.262
0.129157 2.34203 0.180475 0.032661 144.262
0.0852268 2.32223 0.126375 0.032661 144.262
0.0328379 2.6434 0.128834 0.032661 144.262
0.170866 2.36274 0.0803071 0.032661 144.262
-1.32828e-05 2.59999 0.216052 0.032661 144.262
-0.0366707 2.36367 0.124451 0.032661 144.262
0.0170341 2.37145 0.0222367 0.032661 144.262
0.0775478 2.39844 -0.0127854 0.032661 144.262
0.0758801 2.64706 0.145806 0.032661 144.262
-0.0234111 2.6114 0.0869848 0.032661 144.262
-0.035844 2.4116 0.0280116 0.032661 144.262
0.0967566 2.54753 0.274501 0.032661 144.262
0.0105649 2.60768 0.0373541 0.032661 144.262
0.0702716 2.62757 0.0458971 0.032661 144.262
0.148518 2.62749 0.150272 0.032661 144.262
0.17305 2.4039 0.225524 0.032661 144.262
0.0454829 2.324 0.126461 0.032661 144.262
0.20207 2.42462 0.0465176 0.032661 144.262
0.0659439 2.64818 0.122264 0.032661 144.262
-0.0533772 2.38112 0.127327 0.032661 144.262
0.0480268 2.64607 0.137188 0.032661 144.262
0.094533 2.47697 -0.0360475 0.032661 144.262
0.0424518 2.64498 0.139065 0.032661 144.262
0.0598532 2.32224 0.126224 0.032661 144.262
-0.0590807 2.56898 0.173417 0.032661 144.262
0.104624 2.37074 0.237721 0.032661 144.262
0.0152787 2.62497 0.187267 0.032661 144.262
0.101776 2.3246 0.116948 0.032661 144.262
0.179255 2.59753 0.176911 0.032661 144.262
0.0124437 2.63664 0.117124 0.032661 144.262
-0.00471861 2.62872 0.118528 0.032661 144.262
0.102254 2.63981 0.0827464 0.032661 144.262
-0.0596785 2.55074 0.195285 0.032661 144.262
0.0410688 2.57114 -0.00956503 0.032661 144.262
0.181959 2.44674 0.0105179 0.032661 144.262
0.129863 2.36745 0.0278062 0.032661 144.262
-0.0293461 2.38901 0.209578 0.032661 144.262
0.0453543 2.32556 0.103417 0.032661 144.262
-0.0706796 2.55498 0.090172 0.032661 144.262
-0.0589468 2.50794 0.21962 0.032661 144.262
0.170343 2.60275 0.182639 0.032661 144.262
-0.0830932 2.52565 0.153589 0.032661 144.262
0.175112 2.58378 0.205616 0.032661 144.262
0.106079 2.61292 0.0296942 0.032661 144.262
-0.0072439 2.47317 -0.0163965 0.032661 144.262
0.0743679 2.33584 0.191939 0.032661 144.262
0.0610199 2.38315 0.252663 0.032661 144.262
0.205985 2.54226 0.200397 0.032661 144.262
0.0902286 2.50389 0.286825 0.032661 144.262
-0.0261581 2.35503 0.12964 0.032661 144.262
0.073442 2.64831 0.128998 0.032661 144.262
-0.0544539 2.40452 0.18919 0.032661 144.262
0.1614 2.62071 0.106218 0.032661 144.262
0.0923167 2.63466 0.0631808 0.032661 144.262
0.0847916 2.32378 0.148263 0.032661 144.262
0.214397 2.43026 0.185203 0.032661 144.262
0.0349803 2.55912 0.266171 0.032661 144.262
0.147042 2.48133 -0.0197201 0.032661 144.262
0.0595031 2.34443 0.0435616 0.032661 144.262
0.117891 2.56966 -0.00654834 0.032661 144.262
0.215719 2.41815 0.16687 0.032661 144.262
0.0856966 2.64669 0.144719 0.032661 144.262
0.172973 2.3626 0.165554 0.032661 144.262
0.219436 2.47513 0.0548368 0.032661 144.262
0.102793 2.60946 0.22695 0.032661 144.262
0.0594728 2.64256 0.0845064 0.032661 144.262
-0.0582074 2.38732 0.129104 0.032661 144.262
0.0444183 2.59765 0.0107063 0.032661 144.262
0.11928 2.54416 0.270461 0.032661 144.262
-0.0268794 2.60685 0.169618 0.032661 144.262
0.176881 2.50149 0.00099662 0.032661 144.262
0.0603574 2.32221 0.127888 0.032661 144.262
0.0562681 2.64753 0.124763 0.032661 144.262
0.0738877 2.6477 0.111149 0.032661 144.262
0.14118 2.43995 -0.0155973 0.032661 144.262
0.0889809 2.56681 0.265981 0.032661 144.262
-0.074514 2.46666 0.194084 0.032661 144.262
0.22819 2.53302 0.113214 0.032661 144.262
0.0816752 2.32275 0.1099 0.032661 144.262
0.0466995 2.33527 0.185301 0.032661 144.262
0.146853 2.63048 0.125819 0.032661 144.262
-0.0727794 2.41648 0.154516 0.032661 144.262
0.0588162 2.32596 0.0913546 0.032661 144.262
-0.0149406 2.34936 0.101107 0.032661 144.262
0.158313 2.44617 0.259016 0.032661 144.262
0.0837196 2.3244 0.0983836 0.032661 144.262
0.14752 2.6286 0.146672 0.032661 144.262
0.183994 2.56046 0.218134 0.032661 144.262
0.0251438 2.64126 0.121615 0.032661 144.262
0.0629649 2.64805 0.123041 0.032661 144.262
0.000867119 2.33861 0.116545 0.032661 144.262
0.0604986 2.40167 -0.0143225 0.032661 144.262
0.203306 2.38882 0.143465 0.032661 144.262
0.0291574 2.62072 0.0457255 0.032661 144.262
0.205204 2.55967 0.184823 0.032661 144.262
0.134837 2.63263 0.0937907 0.032661 144.262
-0.00292224 2.61005 0.198648 0.032661 144.262
0.150529 2.43962 0.261695 0.032661 144.262
0.0687 2.64794 0.114778 0.032661 144.262
0.0464718 2.36666 0.0161557 0.032661 144.262
0.040365 2.64398 0.106366 0.032661 144.262
0.105981 2.32622 0.107452 0.032661 144.262
-0.0864873 2.52161 0.120245 0.032661 144.262
0.143908 2.34426 0.0836115 0.032661 144.262
0.0465297 2.43576 -0.0279226 0.032661 144.262
-0.0902036 2.47618 0.135127 0.032661 144.262
0.151823 2.62744 0.11503 0.032661 144.262
0.0493436 2.44582 0.282386 0.032661 144.262
0.020523 2.47109 -0.0285815 0.032661 144.262
0.18782 2.40177 0.205905 0.032661 144.262
-0.0516654 2.46219 0.0220896 0.032661 144.262
-0.0690393 2.40381 0.12923 0.032661 144.262
-0.0628318 2.45054 0.0410654 0.032661 144.262
0.166179 2.51308 0.256422 0.032661 144.262
0.0531241 2.48589 -0.0365659 0.032661 144.262
0.0889646 2.64738 0.132503 0.032661 144.262
0.00269373 2.47271 0.272652 0.032661 144.262
0.0741628 2.64715 0.145272 0.032661 144.262
0.0336006 2.63903 0.163476 0.032661 144.262
-0.0598071 2.46055 0.0331505 0.032661 144.262
0.213029 2.42912 0.0638023 0.032661 144.262
-0.0352028 2.36277 0.115553 0.032661 144.262
-0.0234376 2.49404 -0.0062144 0.032661 144.262
-0.0392013 2.39036 0.197748 0.032661 144.262
-0.0891875 2.4927 0.14657 0.032661 144.262
-0.0541337 2.38601 0.0971959 0.032661 144.262
-0.0251555 2.59196 0.0501701 0.032661 144.262
0.0366332 2.59069 0.00634257 0.032661 144.262
0.222785 2.46929 0.0634536 0.032661 144.262
-0.0207444 2.60569 0.183906 0.032661 144.262
0.103962 2.43743 -0.02745 0.032661 144.262
0.0545155 2.32742 0.0868873 0.032661 144.262
-0.0141945 2.34766 0.109277 0.032661 144.262
0.140316 2.60613 0.211698 0.032661 144.262
0.0711882 2.32934 0.174799 0.032661 144.262
0.21727 2.40941 0.129146 0.032661 144.262
0.0663852 2.32478 0.156303 0.032661 144.262
0.0590036 2.33699 0.193124 0.032661 144.262
0.0470272 2.32377 0.122804 0.032661 144.262
0.0203573 2.63632 0.158101 0.032661 144.262
-0.0491034 2.38839 0.175771 0.032661 144.262
0.0789186 2.63963 0.0733217 0.032661 144.262
0.0266017 2.64047 0.145502 0.032661 144.262
0.0311727 2.56049 0.264362 0.032661 144.262
0.0123821 2.36631 0.220167 0.032661 144.262
0.205322 2.56655 0.174615 0.032661 144.262
-0.0859896 2.44881 0.140102 0.032661 144.262
0.146379 2.61527 0.19086 0.032661 144.262
0.0803649 2.32236 0.113705 0.032661 144.262
-0.0370408 2.48873 0.246561 0.032661 144.262
0.121099 2.35041 0.204238 0.032661 144.262
0.146829 2.6275 0.154947 0.032661 144.262
0.00123499 2.63102 0.141954 0.032661 144.262
0.185805 2.54535 0.0245224 0.032661 144.262
-0.0622174 2.52365 0.209286 0.032661 144.262
0.020182 2.40932 0.260439 0.032661 144.262
0.0855894 2.64566 0.0991099 0.032661 144.262
0.116869 2.33018 0.0986419 0.032661 144.262
0.0777749 2.33013 0.074173 0.032661 144.262
-0.00154684 2.62628 0.090561 0.032661 144.262
0.0788456 2.64767 0.112145 0.032661 144.262
0.177291 2.47449 0.00070195 0.032661 144.262
0.158175 2.59075 0.0351953 0.032661 144.262
-0.0482522 2.44084 0.226142 0.032661 144.262
-0.123111 2.38229 0.083374 0.0249365 144.262
-0.0748041 2.36344 0.105382 0.0249365 144.262
-0.0563387 2.45836 -0.0246207 0.0249365 144.262
-0.0782411 2.3692 0.133103 0.0249365 144.262
-0.0603911 2.59117 0.0294865 0.0249365 144.262
0.015012 2.40987 0.0284717 0.0249365 144.262
-0.064522 2.60831 0.0723527 0.0249365 144.262
-0.083623 2.36945 0.130044 0.0249365 144.262
-0.0389918 2.60564 0.129102 0.0249365 144.262
0.0427764 2.51839 0.16618 0.0249365 144.262
-0.153303 2.42109 0.0547183 0.0249365 144.262
-0.00462109 2.38451 0.0463612 0.0249365 144.262
-0.109316 2.39386 0.0326557 0.0249365 144.262
-0.025409 2.36936 0.0663671 0.0249365 144.262
0.0385908 2.49113 0.178198 0.0249365 144.262
-0.141829 2.53025 0.175735 0.0249365 144.262
0.0200031 2.41654 0.167042 0.0249365 144.262
-0.0389198 2.6071 0.123045 0.0249365 144.262
-0.0882034 2.4976 -0.0229993 0.0249365 144.262
-0.122583 2.57564 0.152703 0.0249365 144.262
-0.0607796 2.36218 0.0869984 0.0249365 144.262
0.0331925 2.42184 0.0380328 0.0249365 144.262
0.0149457 2.54168 0.0103779 0.0249365 144.262
-0.122225 2.38528 0.127117 0.0249365 144.262
-0.0859628 2.60731 0.100012 0.0249365 144.262
-0.174415 2.49028 0.135097 0.0249365 144.262
-0.0633512 2.48943 -0.0275418 0.0249365 144.262
-0.0622656 2.36384 0.119009 0.0249365 144.262
-0.0147337 2.59785 0.134703 0.0249365 144.262
-0.0268039 2.60761 0.0942682 0.0249365 144.262
-0.0474772 2.51922 0.216862 0.0249365 144.262
-0.0468552 2.36299 0.0813236 0.0249365 144.262
-0.00724424 2.5871 0.152021 0.0249365 144.262
-0.095382 2.58612 0.160354 0.0249365 144.262
-0.16809 2.45455 0.140743 0.0249365 144.262
-0.164957 2.4507 0.145432 0.0249365 144.262
-0.140682 2.53363 0.175022 0.0249365 144.262
-0.162337 2.44527 0.146939 0.0249365 144.262
-0.0844083 2.59844 0.0503144 0.0249365 144.262
-0.0547581 2.36179 0.0920539 0.0249365 144.262
0.0128498 2.52715 0.00111291 0.0249365 144.262
-0.0364882 2.38308 0.0297566 0.0249365 144.262
0.0583815 2.5358 0.104957 0.0249365 144.262
-0.135988 2.49553 0.00183894 0.0249365 144.262
-0.1238 2.43227 0.0074617 0.0249365 144.262
-0.107261 2.38393 0.145901 0.0249365 144.262
-0.142797 2.53747 0.17013 0.0249365 144.262
-0.0944065 2.55029 -0.0029761 0.0249365 144.262
-0.0713903 2.59689 0.152438 0.0249365 144.262
0.0106478 2.42701 0.00966029 0.0249365 144.262
0.00756969 2.5539 0.180363 0.0249365 144.262
0.0629911 2.44864 0.100122 0.0249365 144.262
-0.0768952 2.36482 0.114909 0.0249365 144.262
-0.125215 2.47664 0.199988 0.0249365 144.262
-0.0802677 2.56814 0.187766 0.0249365 144.262
-0.0100422 2.37802 0.138254 0.0249365 144.262
0.0533578 2.43599 0.12993 0.0249365 144.262
-0.14428 2.49961 0.183717 0.0249365 144.262
-0.0552831 2.59778 0.0408933 0.0249365 144.262
0.0529266 2.42568 0.10326 0.0249365 144.262
-0.124097 2.38654 0.066637 0.0249365 144.262
-0.141424 2.56091 0.148435 0.0249365 144.262
-0.161634 2.55181 0.0889524 0.0249365 144.262
-0.00228482 2.4099 0.0142068 0.0249365 144.262
-0.137999 2.57788 0.11726 0.0249365 144.262
0.0528285 2.53537 0.133541 0.0249365 144.262
-0.0489862 2.60714 0.127098 0.0249365 144.262
0.00404766 2.46406 -0.0102064 0.0249365 144.262
0.00803631 2.51976 -0.00489046 0.0249365 144.262
-0.0151934 2.56031 0.188688 0.0249365 144.262
0.046194 2.54284 0.0526634 0.0249365 144.262
-0.136708 2.44876 0.183967 0.0249365 144.262
-0.142173 2.50182 0.00829214 0.0249365 144.262
-0.0722371 2.36313 0.10619 0.0249365 144.262
-0.0759647 2.60904 0.106472 0.0249365 144.262
-0.056867 2.45227 -0.0230482 0.0249365 144.262
-0.019057 2.37257 0.132149 0.0249365 144.262
-0.0778759 2.60488 0.0650454 0.0249365 144.262
-0.108894 2.37848 0.0639043 0.0249365 144.262
0.0538432 2.4287 0.0828122 0.0249365 144.262
-0.0509768 2.61096 0.0962757 0.0249365 144.262
0.0128572 2.58973 0.0846592 0.0249365 144.262
-0.077927 2.47427 0.21898 0.0249365 144.262
-0.13591 2.40721 0.0433786 0.0249365 144.262
-0.0234251 2.37945 0.0415131 0.0249365 144.262
-0.0686564 2.42884 -0.0129942 0.0249365 144.262
-0.120722 2.42932 0.18674 0.0249365 144.262
-0.119517 2.47448 -0.00963572 0.0249365 144.262
0.0152115 2.55487 0.0206466 0.0249365 144.262
0.050396 2.51177 0.0366813 0.0249365 144.262
0.0338674 2.56876 0.0700946 0.0249365 144.262
-0.0961014 2.6016 0.122242 0.0249365 144.262
0.00537262 2.37907 0.079824 0.0249365 144.262
-0.163078 2.54785 0.0808453 0.0249365 144.262
-0.0045104 2.47577 -0.016275 0.0249365 144.262
-0.0684753 2.36514 0.070636 0.0249365 144.262
0.0233359 2.57821 0.0677465 0.0249365 144.262
0.028345 2.44833 0.180652 0.0249365 144.262
0.00891584 2.57761 0.0417952 0.0249365 144.262
-0.0196754 2.58716 0.160765 0.0249365 144.262
-0.103671 2.37819 0.05748 0.0249365 144.262
0.00562869 2.44255 -0.00238529 0.0249365 144.262
-0.137985 2.41977 0.162877 0.0249365 144.262
-0.0787695 2.37252 0.0515171 0.0249365 144.262
-0.0131081 2.60348 0.0996307 0.0249365 144.262
-0.12835 2.42181 0.0186782 0.0249365 144.262
-0.166321 2.50401 0.0419223 0.0249365 144.262
-0.0649666 2.61003 0.109931 0.0249365 144.262
-0.0920726 2.37305 0.13415 0.0249365 144.262
-0.151792 2.42582 0.0452502 0.0249365 144.262
-0.0583269 2.60934 0.076438 0.0249365 144.262
-0.146559 2.564 0.13268 0.0249365 144.262
-0.0022449 2.59227 0.135118 0.0249365 144.262
-0.0145327 2.36881 0.0920881 0.0249365 144.262
0.061432 2.45115 0.120585 0.0249365 144.262
-0.157487 2.41454 0.103631 0.0249365 144.262
0.0408787 2.4626 0.0218153 0.0249365 144.262
-0.102332 2.51395 -0.0154642 0.0249365 144.262
-0.130896 2.5853 0.107836 0.0249365 144.262
0.0319605 2.57005 0.06785 0.0249365 144.262
0.0257293 2.57781 0.073703 0.0249365 144.262
0.0308864 2.49456 0.186116 0.0249365 144.262
-0.0446464 2.36308 0.0820177 0.0249365 144.262
0.0214663 2.58406 0.102619 0.0249365 144.262
0.0204356 2.39026 0.119149 0.0249365 144.262
-0.0641147 2.36289 0.0817346 0.0249365 144.262
0.023716 2.4569 0.188278 0.0249365 144.262
-0.0352638 2.60225 0.0556788 0.0249365 144.262
-0.125522 2.48723 -0.00648798 0.0249365 144.262
-0.178751 2.48331 0.0763957 0.0249365 144.262
-0.0203069 2.60361 0.0735959 0.0249365 144.262
-0.0733928 2.42067 0.201371 0.0249365 144.262
-0.147 2.52691 0.171605 0.0249365 144.262
-0.051507 2.37751 0.157511 0.0249365 144.262
-0.0638806 2.60277 0.0529223 0.0249365 144.262
-0.0213215 2.42853 0.201812 0.0249365 144.262
0.00233177 2.37621 0.102356 0.0249365 144.262
-0.0419533 2.60355 0.13716 0.0249365 144.262
-0.0358836 2.54205 -0.012894 0.0249365 144.262
-0.103253 2.40857 0.0117763 0.0249365 144.262
-0.126909 2.45187 0.193304 0.0249365 144.262
-0.0726597 2.59459 0.156456 0.0249365 144.262
-0.0468137 2.59252 0.161656 0.0249365 144.262
-0.143346 2.41997 0.155798 0.0249365 144.262
-0.0926217 2.3696 0.0733105 0.0249365 144.262
-0.157695 2.54348 0.140483 0.0249365 144.262
-0.00402301 2.41608 0.00785914 0.0249365 144.262
-0.0103732 2.38956 0.0327678 0.0249365 144.262
-0.0656546 2.56281 0.194883 0.0249365 144.262
-0.119295 2.59315 0.0862308 0.0249365 144.262
-0.0290467 2.60812 0.099415 0.0249365 144.262
0.00888233 2.39772 0.156057 0.0249365 144.262
-0.112133 2.59333 0.127412 0.0249365 144.262
-0.0359373 2.39054 0.174125 0.0249365 144.262
0.0632105 2.51316 0.12265 0.0249365 144.262
-0.0324213 2.36473 0.111092 0.0249365 144.262
-0.148839 2.56843 0.109375 0.0249365 144.262
-0.0579613 2.3855 0.170124 0.0249365 144.262
-0.0727561 2.58194 0.175141 0.0249365 144.262
-0.0261613 2.52987 0.2099 0.0249365 144.262
-0.0517621 2.36559 0.0661901 0.0249365 144.262
-0.158775 2.44171 0.0425897 0.0249365 144.262
0.0371512 2.54351 0.0365372 0.0249365 144.262
-0.0024341 2.58733 0.146928 0.0249365 144.262
-0.0790128 2.38907 0.0224421 0.0249365 144.262
-0.0575933 2.61097 0.0926599 0.0249365 144.262
-0.0227986 2.60414 0.072629 0.0249365 144.262
-0.117411 2.42531 0.186437 0.0249365 144.262
-0.0309936 2.52912 0.211341 0.0249365 144.262
0.0502116 2.5506 0.110357 0.0249365 144.262
-0.0468979 2.36713 0.0615535 0.0249365 144.262
-0.0714122 2.52993 -0.018904 0.0249365 144.262
-0.00909183 2.38051 0.0504218 0.0249365 144.262
-0.0846304 2.59949 0.14067 0.0249365 144.262
-0.0688584 2.36322 0.111333 0.0249365 144.262
0.0408781 2.54235 0.152245 0.0249365 144.262
-0.0356773 2.46166 -0.023666 0.0249365 144.262
-0.113017 2.37559 0.0968482 0.0249365 144.262
-0.096829 2.38246 0.0415128 0.0249365 144.262
-0.129209 2.5083 0.195241 0.0249365 144.262
-0.0782926 2.54046 0.206938 0.0249365 144.262
-0.0763384 2.36601 0.0716398 0.0249365 144.262
-0.005325 2.39876 0.169834 0.0249365 144.262
-0.0554267 2.38943 0.175283 0.0249365 144.262
0.0160335 2.44665 0.0030214 0.0249365 144.262
-0.137707 2.55542 0.0330852 0.0249365 144.262
-0.090979 2.60013 0.133845 0.0249365 144.262
-0.0610642 2.59901 0.150073 0.0249365 144.262
-0.0432797 2.60049 0.145525 0.0249365 144.262
0.0249126 2.39838 0.132783 0.0249365 144.262
0.0642301 2.5048 0.0686117 0.0249365 144.262
-0.0298588 2.57718 0.178279 0.0249365 144.262
0.0362941 2.41843 0.146364 0.0249365 144.262
-0.0224965 2.37402 0.13946 0.0249365 144.262
-0.0408103 2.60347 0.0567617 0.0249365 144.262
-0.0330973 2.36382 0.100177 0.0249365 144.262
-0.046253 2.60942 0.0791577 0.0249365 144.262
-0.040564 2.60038 0.0487546 0.0249365 144.262
-0.122842 2.57851 0.147483 0.0249365 144.262
-0.122098 2.44967 -0.00213766 0.0249365 144.262
-0.100612 2.6189 -0.00181063 0.0268645 144.262
-0.181588 2.37306 0.0389349 0.0268645 144.262
-0.112664 2.61986 0.00860455 0.0268645 144.262
-0.109739 2.35234 -0.00797157 0.0268645 144.262
-0.0604478 2.4187 -0.0995834 0.0268645 144.262
-0.141348 2.58403 -0.0891666 0.0268645 144.262
-0.0970115 2.44928 0.12731 0.0268645 144.262
-0.0343177 2.58938 0.00105935 0.0268645 144.262
-0.232239 2.50551 0.0714965 0.0268645 144.262
-0.0891662 2.35536 0.0041536 0.0268645 144.262
-0.215617 2.47827 0.0942986 0.0268645 144.262
-0.101841 2.36502 -0.0552305 0.0268645 144.262
-0.181137 2.43946 0.110405 0.0268645 144.262
-0.189739 2.43354 -0.101985 0.0268645 144.262
-0.125586 2.42713 0.120789 0.0268645 144.262
-0.112191 2.6201 -0.000735206 0.0268645 144.262
-0.173661 2.59158 -0.0632861 0.0268645 144.262
-0.213812 2.45871 0.0924531 0.0268645 144.262
-0.17004 2.60971 0.0158785 0.0268645 144.262
-0.171184 2.60685 -0.028618 0.0268645 144.262
-0.252066 2.46523 0.0140823 0.0268645 144.262
-0.0762847 2.36114 0.0232367 0.0268645 144.262
-0.0230505 2.54448 0.0723474 0.0268645 144.262
-0.0630748 2.56659 -0.0909109 0.0268645 144.262
-0.100131 2.35715 -0.0320268 0.0268645 144.262
-0.112188 2.35244 -0.0115616 0.0268645 144.262
-0.075171 2.37896 -0.0673768 0.0268645 144.262
-0.203918 2.50578 -0.102892 0.0268645 144.262
-0.0743737 2.41028 -0.100896 0.0268645 144.262
-0.0739812 2.50054 0.125506 0.0268645 144.262
-0.00523214 2.52958 -0.0541491 0.0268645 144.262
-0.21676 2.49775 0.0927049 0.0268645 144.262
-0.10115 2.47912 0.132987 0.0268645 144.262
-0.0754237 2.35939 -0.00367886 0.0268645 144.262
-0.176923 2.60685 0.0147161 0.0268645 144.262
-0.138493 2.4105 0.109738 0.0268645 144.262
-0.129391 2.52367 -0.128415 0.0268645 144.262
-0.127461 2.61956 0.0126071 0.0268645 144.262
-0.0932294 2.59714 -0.0703327 0.0268645 144.262
-0.142813 2.57285 -0.0997429 0.0268645 144.262
-0.0931153 2.52475 -0.12557 0.0268645 144.262
-0.209356 2.39774 -0.0475838 0.0268645 144.262
-0.0822502 2.4325 -0.117061 0.0268645 144.262
-0.123194 2.6203 0.00010663 0.0268645 144.262
-0.238535 2.54575 0.0212892 0.0268645 144.262
-0.252136 2.48644 -0.0244381 0.0268645 144.262
-0.0510658 2.56013 -0.0880413 0.0268645 144.262
-0.16823 2.60687 0.0336443 0.0268645 144.262
-0.0497353 2.53441 -0.103497 0.0268645 144.262
-0.145746 2.61771 0.00652673 0.0268645 144.262
-0.141607 2.38611 0.0873581 0.0268645 144.262
-0.10086 2.35307 0.000129011 0.0268645 144.262
-0.117101 2.35173 -0.000415244 0.0268645 144.262
-0.0872547 2.5479 -0.114419 0.0268645 144.262
-0.185971 2.5935 -0.0461685 0.0268645 144.262
-0.120997 2.46808 0.133302 0.0268645 144.262
-0.193242 2.59269 -0.0360368 0.0268645 144.262
-0.122221 2.48027 -0.133997 0.0268645 144.262
0.00729031 2.44428 -0.00846037 0.0268645 144.262
-0.192634 2.37617 -0.026551 0.0268645 144.262
-0.0760928 2.60736 0.0373559 0.0268645 144.262
-0.11665 2.47617 0.134102 0.0268645 144.262
-0.185498 2.45468 0.113245 0.0268645 144.262
-0.0153567 2.41696 0.0481953 0.0268645 144.262
-0.0725543 2.3685 -0.0442404 0.0268645 144.262
-0.0507083 2.55527 0.0920103 0.0268645 144.262
-0.169073 2.39181 -0.0820876 0.0268645 144.262
-0.231328 2.52399 -0.0648249 0.0268645 144.262
-0.251748 2.45988 0.00528268 0.0268645 144.262
-0.00722512 2.44138 -0.0573648 0.0268645 144.262
-0.123978 2.43898 0.125943 0.0268645 144.262
-0.135221 2.61899 -0.0112626 0.0268645 144.262
-0.00453455 2.55211 0.0180842 0.0268645 144.262
-0.175608 2.60013 -0.0438348 0.0268645 144.262
-0.239474 2.51525 -0.0539906 0.0268645 144.262
-0.188773 2.39561 0.07197 0.0268645 144.262
-0.208519 2.53913 0.0862156 0.0268645 144.262
-0.154298 2.61466 -0.0177489 0.0268645 144.262
-0.0212 2.52248 0.0834492 0.0268645 144.262
-0.167272 2.55512 -0.104889 0.0268645 144.262
-0.0285403 2.46137 -0.0949655 0.0268645 144.262
0.0120629 2.47568 -0.0215169 0.0268645 144.262
-0.148002 2.61734 0.00412479 0.0268645 144.262
-0.0774778 2.61337 -0.00219052 0.0268645 144.262
-0.161933 2.46438 -0.125606 0.0268645 144.262
-0.174455 2.60856 0.00844632 0.0268645 144.262
-0.146464 2.61745 0.00863727 0.0268645 144.262
-0.149108 2.35549 0.012995 0.0268645 144.262
-0.059466 2.36616 -0.0010303 0.0268645 144.262
-0.0253371 2.46753 0.0935803 0.0268645 144.262
-0.0944659 2.36767 0.0583331 0.0268645 144.262
-0.183711 2.41838 -0.0968751 0.0268645 144.262
-0.128173 2.35197 0.00322493 0.0268645 144.262
-0.081403 2.60477 0.049611 0.0268645 144.262
-0.0192276 2.57288 -0.0177716 0.0268645 144.262
-0.0427798 2.44718 -0.102565 0.0268645 144.262
-0.0995696 2.61822 -0.0117507 0.0268645 144.262
-0.138092 2.35298 0.00467479 0.0268645 144.262
-0.222767 2.56866 0.0260552 0.0268645 144.262
-0.0336085 2.51702 -0.097803 0.0268645 144.262
-0.181235 2.59369 0.0522275 0.0268645 144.262
-0.0818754 2.38928 -0.0848118 0.0268645 144.262
-0.139228 2.41632 -0.113039 0.0268645 144.262
-0.162441 2.41199 0.103963 0.0268645 144.262
-0.148561 2.60136 -0.0624743 0.0268645 144.262
-0.100382 2.35627 0.0288406 0.0268645 144.262
-0.122393 2.62031 0.0016305 0.0268645 144.262
-0.0997608 2.60034 0.067693 0.0268645 144.262
-0.171822 2.41721 -0.102929 0.0268645 144.262
-0.17948 2.47741 0.120358 0.0268645 144.262
-0.177773 2.49873 0.120824 0.0268645 144.262
-0.0963419 2.61514 -0.0281893 0.0268645 144.262
-0.0413203 2.51093 0.106096 0.0268645 144.262
-0.00735196 2.42691 -0.0427025 0.0268645 144.262
-0.143209 2.36028 -0.0410344 0.0268645 144.262
-0.0839799 2.59457 0.0705738 0.0268645 144.262
-0.119673 2.62021 0.00603034 0.0268645 144.262
-0.151907 2.61185 0.0347675 0.0268645 144.262
0.00884529 2.46339 -0.0299155 0.0268645 144.262
-0.0297425 2.58442 0.0141602 0.0268645 144.262
-0.113575 2.61992 -0.00813333 0.0268645 144.262
-0.0770514 2.36117 -0.024375 0.0268645 144.262
-0.0574865 2.4676 0.117591 0.0268645 144.262
-0.0676999 2.49277 -0.123314 0.0268645 144.262
-0.140354 2.3539 -0.0131219 0.0268645 144.262
-0.250235 2.46264 0.0238194 0.0268645 144.262
-0.164359 2.38913 0.0820195 0.0268645 144.262
-0.191678 2.59954 -0.00533108 0.0268645 144.262
-0.0625899 2.53668 -0.110128 0.0268645 144.262
-0.103005 2.35278 0.000603439 0.0268645 144.262
-0.226352 2.56217 0.0310277 0.0268645 144.262
-0.092129 2.36023 -0.0377526 0.0268645 144.262
-0.132037 2.58068 -0.094352 0.0268645 144.262
-0.174951 2.36722 0.0305223 0.0268645 144.262
-0.206664 2.40234 0.0597409 0.0268645 144.262
-0.251997 2.47207 -0.0210016 0.0268645 144.262
-0.154269 2.61409 0.0218914 0.0268645 144.262
-0.12557 2.3819 0.0848767 0.0268645 144.262
-0.0778349 2.56328 0.101609 0.0268645 144.262
-0.185618 2.38769 -0.0637014 0.0268645 144.262
-0.174953 2.42566 0.106909 0.0268645 144.262
-0.0976694 2.60542 0.057468 0.0268645 144.262
-0.250632 2.50202 -0.0271162 0.0268645 144.262
-0.064259 2.60453 -0.0294711 0.0268645 144.262
0.00541251 2.52679 0.0252624 0.0268645 144.262
-0.184544 2.60081 -0.0264735 0.0268645 144.262
-0.113027 2.35197 0.00508311 0.0268645 144.262
-0.163712 2.55218 0.108636 0.0268645 144.262
-0.0586846 2.54682 0.103015 0.0268645 144.262
-0.204374 2.5554 0.0784473 0.0268645 144.262
-0.216037 2.42625 -0.0723752 0.0268645 144.262
-0.131156 2.61918 0.0138417 0.0268645 144.262
-0.154446 2.61556 -0.00867539 0.0268645 144.262
-0.151698 2.48915 0.130698 0.0268645 144.262
-0.211013 2.57819 0.0359407 0.0268645 144.262
-0.172505 2.42074 0.105232 0.0268645 144.262
-0.122422 2.62031 6.80373e-05 0.0268645 144.262
-0.140346 2.61323 0.0382418 0.0268645 144.262
-0.128125 2.35281 0.015545 0.0268645 144.262
-0.0563585 2.60409 -0.00608904 0.0268645 144.262
-0.0765521 2.61247 0.012677 0.0268645 144.262
-0.113475 2.35284 -0.01606 0.0268645 144.262
-0.0535429 2.59096 0.0511807 0.0268645 144.262
-0.211091 2.57764 0.0371566 0.0268645 144.262
-0.141068 2.58264 0.0911002 0.0268645 144.262
-0.0218392 2.46765 -0.0895463 0.0268645 144.262
-0.1465 2.36548 -0.0528788 0.0268645 144.262
-0.113368 2.4621 -0.131821 0.0268645 144.262
-0.0925753 2.35865 -0.0324488 0.0268645 144.262
-0.108548 2.38853 0.0918681 0.0268645 144.262
-0.117134 2.35173 0.00111353 0.0268645 144.262
-0.159099 2.5366 0.118343 0.0268645 144.262
-0.0217359 2.39468 -0.0050665 0.0268645 144.262
-0.198973 2.3846 0.0393711 0.0268645 144.262
-0.236895 2.42567 0.027709 0.0268645 144.262
-0.10531 2.61381 0.0388243 0.0268645 144.262
-0.173393 2.36272 -0.000911871 0.0268645 144.262
-0.093871 2.35544 -0.0172762 0.0268645 144.262
-0.195324 2.56633 -0.0768318 0.0268645 144.262
-0.127256 2.35191 -0.00269225 0.0268645 144.262
-0.0532243 2.37182 0.0232243 0.0268645 144.262
-0.0482198 2.59887 -0.0116894 0.0268645 144.262
-0.0561844 2.38813 -0.0659767 0.0268645 144.262
-0.136622 2.6193 -0.00136151 0.0268645 144.262
0.000540207 2.54005 -0.0237053 0.0268645 144.262
-0.112245 2.59658 0.07605 0.0268645 144.262
-0.0174161 2.44816 -0.0777077 0.0268645 144.262
-0.00530151 2.46791 0.0675512 0.0268645 144.262
-0.106539 2.38372 -0.0858098 0.0268645 144.262
-0.0172602 2.40663 0.0343506 0.0268645 144.262
-0.0738569 2.36165 0.0211506 0.0268645 144.262
-0.117375 2.35174 0.00262725 0.0268645 144.262
-0.171899 2.48505 -0.12374 0.0268645 144.262
-0.0282506 2.39366 -0.0326565 0.0268645 144.262
-0.0240039 2.41288 -0.0586509 0.0268645 144.262
-0.0954066 2.60197 -0.0629564 0.0268645 144.262
-0.225494 2.56841 0.0121884 0.0268645 144.262
-0.128084 2.35677 -0.0355082 0.0268645 144.262
-0.0584063 2.52927 0.111387 0.0268645 144.262
-0.107083 2.35826 0.0395898 0.0268645 144.262
-0.106669 2.47475 -0.00656556 0.0187017 144.262
-0.0203437 2.54871 -0.140639 0.0187017 144.262
-0.0785691 2.55342 -0.12931 0.0187017 144.262
-0.124259 2.53129 -0.0865271 0.0187017 144.262
-0.11543 2.4972 -0.131378 0.0187017 144.262
0.0387004 2.44329 -0.060522 0.0187017 144.262
-0.0768147 2.40951 -0.0349976 0.0187017 144.262
0.048634 2.47691 -0.0908279 0.0187017 144.262
-0.0231713 2.42009 -0.13522 0.0187017 144.262
-0.102538 2.41911 -0.0518606 0.0187017 144.262
-0.0400281 2.51848 0.0147293 0.0187017 144.262
-0.0242867 2.43575 0.00215533 0.0187017 144.262
-0.109722 2.4426 -0.0263679 0.0187017 144.262
-0.0834835 2.54951 -0.0165708 0.0187017 144.262
-0.0727229 2.53848 -0.145926 0.0187017 144.262
-0.038 2.39465 -0.0828691 0.0187017 144.262
-0.0123327 2.39944 -0.0658791 0.0187017 144.262
-0.0330733 2.39478 -0.0669899 0.0187017 144.262
0.0031124 2.5181 0.00214053 0.0187017 144.262
0.0150392 2.41432 -0.0662759 0.0187017 144.262
0.0361522 2.45837 -0.114522 0.0187017 144.262
-0.075179 2.57434 -0.0859709 0.0187017 144.262
-0.0648055 2.57772 -0.0846862 0.0187017 144.262
-0.130108 2.51939 -0.0645792 0.0187017 144.262
-0.117295 2.51922 -0.0269296 0.0187017 144.262
0.0433717 2.4711 -0.106286 0.0187017 144.262
-0.105481 2.4297 -0.11149 0.0187017 144.262
-0.0455968 2.58103 -0.0742487 0.0187017 144.262
-0.045908 2.51621 -0.162443 0.0187017 144.262
-0.128437 2.4651 -0.103087 0.0187017 144.262
0.00757178 2.55294 -0.029318 0.0187017 144.262
-0.0723065 2.57005 -0.0409097 0.0187017 144.262
-0.0459563 2.41279 -0.0174531 0.0187017 144.262
-0.0899666 2.56459 -0.0495886 0.0187017 144.262
-0.12375 2.44307 -0.0870081 0.0187017 144.262
-0.0656892 2.5782 -0.073329 0.0187017 144.262
0.0270754 2.52617 -0.0245463 0.0187017 144.262
0.0200728 2.49411 -0.00442606 0.0187017 144.262
-0.0987512 2.55986 -0.0542843 0.0187017 144.262
0.0399522 2.53111 -0.0788159 0.0187017 144.262
-0.0587747 2.40016 -0.0444891 0.0187017 144.262
-0.0139976 2.50241 -0.161259 0.0187017 144.262
-0.0420341 2.39451 -0.064425 0.0187017 144.262
-0.128135 2.46204 -0.101432 0.0187017 144.262
-0.0853123 2.57061 -0.0786401 0.0187017 144.262
-0.0547261 2.48347 -0.166118 0.0187017 144.262
-0.0399241 2.57896 -0.0538765 0.0187017 144.262
-0.0808527 2.568 -0.0449445 0.0187017 144.262
-0.0512656 2.52693 0.0108979 0.0187017 144.262
-0.0160421 2.56792 -0.113251 0.0187017 144.262
0.00666517 2.55412 -0.116916 0.0187017 144.262
0.014837 2.41446 -0.0832816 0.0187017 144.262
-0.0583033 2.55589 -0.0115872 0.0187017 144.262
-0.0603671 2.46881 -0.16336 0.0187017 144.262
-0.135554 2.48122 -0.0651917 0.0187017 144.262
0.00880838 2.52807 -0.140256 0.0187017 144.262
0.0459284 2.51575 -0.0631306 0.0187017 144.262
-0.0166159 2.39779 -0.0759342 0.0187017 144.262
0.049181 2.46986 -0.0741942 0.0187017 144.262
-0.119184 2.51251 -0.121043 0.0187017 144.262
-0.0855916 2.41114 -0.04099 0.0187017 144.262
-0.0571017 2.57965 -0.0809619 0.0187017 144.262
-0.0778824 2.57176 -0.0938331 0.0187017 144.262
-0.0441899 2.39418 -0.0778542 0.0187017 144.262
-0.0966121 2.55967 -0.0986218 0.0187017 144.262
-0.0532776 2.40878 -0.0242759 0.0187017 144.262
0.0319256 2.54247 -0.0865933 0.0187017 144.262
-0.0442916 2.3941 -0.0718113 0.0187017 144.262
-0.123918 2.532 -0.0862217 0.0187017 144.262
-0.0364129 2.57712 -0.0996916 0.0187017 144.262
-0.106625 2.43373 -0.115316 0.0187017 144.262
-0.0273275 2.56511 -0.0235047 0.0187017 144.262
-0.0534635 2.57057 -0.0317877 0.0187017 144.262
-0.0300922 2.56172 -0.129069 0.0187017 144.262
-0.0316263 2.40041 -0.105489 0.0187017 144.262
-0.0307595 2.57849 -0.0551319 0.0187017 144.262
-0.0396968 2.5516 -0.141576 0.0187017 144.262
-0.11506 2.48335 -0.0144948 0.0187017 144.262
-0.0592701 2.40308 -0.0370523 0.0187017 144.262
-0.0252823 2.45641 -0.159925 0.0187017 144.262
-0.0364581 2.39431 -0.0706822 0.0187017 144.262
-0.0324065 2.40648 -0.118903 0.0187017 144.262
0.0010709 2.4343 -0.1367 0.0187017 144.262
-0.0319735 2.44772 -0.157402 0.0187017 144.262
-0.119596 2.51364 -0.119758 0.0187017 144.262
-0.0145391 2.50791 -0.160326 0.0187017 144.262
-0.0768443 2.48965 -0.160486 0.0187017 144.262
-0.0898704 2.40791 -0.0863424 0.0187017 144.262
-0.107877 2.54052 -0.114515 0.0187017 144.262
0.0319573 2.49465 -0.129436 0.0187017 144.262
-0.04879 2.51195 0.0165787 0.0187017 144.262
0.049984 2.50046 -0.0739621 0.0187017 144.262
0.0273724 2.44676 -0.0268199 0.0187017 144.262
-0.0818686 2.46501 -0.155309 0.0187017 144.262
-0.0440327 2.43723 -0.152271 0.0187017 144.262
0.0408761 2.44624 -0.0813317 0.0187017 144.262
-0.0295301 2.54458 -0.146444 0.0187017 144.262
-0.0436307 2.58102 -0.0766632 0.0187017 144.262
-0.0294307 2.57942 -0.0851037 0.0187017 144.262
-0.0331199 2.5584 -0.1338 0.0187017 144.262
-0.0594436 2.55527 -0.0112044 0.0187017 144.262
-0.0605302 2.42643 -0.00504373 0.0187017 144.262
0.0356895 2.49531 -0.123983 0.0187017 144.262
-0.022928 2.39675 -0.0838409 0.0187017 144.262
-0.043378 2.55072 -0.142451 0.0187017 144.262
-0.118156 2.43543 -0.0555814 0.0187017 144.262
-0.0189335 2.4997 0.0161534 0.0187017 144.262
0.0321183 2.48523 -0.129619 0.0187017 144.262
0.00418865 2.40709 -0.0821037 0.0187017 144.262
-0.0333467 2.39453 -0.0734977 0.0187017 144.262
-0.048076 2.57267 -0.0351056 0.0187017 144.262
-0.031637 2.51403 -0.162497 0.0187017 144.262
-0.0310863 2.41513 -0.131468 0.0187017 144.262
-0.123622 2.50089 -0.0286875 0.0187017 144.262
-0.0930368 2.44473 -0.139575 0.0187017 144.262
-0.00869336 2.42156 -0.130356 0.0187017 144.262
-0.0309692 2.54628 -0.145328 0.0187017 144.262
-0.00800528 2.56874 -0.0425442 0.0187017 144.262
0.0170078 2.41555 -0.0735487 0.0187017 144.262
-0.0648581 2.57818 -0.0671011 0.0187017 144.262
-0.0706342 2.40348 -0.103286 0.0187017 144.262
-0.0550927 2.39554 -0.0626657 0.0187017 144.262
-0.0356094 2.39502 -0.0847815 0.0187017 144.262
-0.0417297 2.52649 0.0115335 0.0187017 144.262
0.00572446 2.40911 -0.0577129 0.0187017 144.262
0.00669799 2.56063 -0.0422958 0.0187017 144.262
-0.00248004 2.40433 -0.059255 0.0187017 144.262
-0.0343481 2.39478 -0.0815552 0.0187017 144.262
-0.0779308 2.40099 -0.0725921 0.0187017 144.262
0.0251458 2.42318 -0.0716366 0.0187017 144.262
-0.0216248 2.51584 0.0131383 0.0187017 144.262
0.0258053 2.51955 -0.0183691 0.0187017 144.262
0.0259744 2.53061 -0.0267428 0.0187017 144.262
-0.0868249 2.56297 -0.0402321 0.0187017 144.262
-0.00100359 2.40796 -0.0994127 0.0187017 144.262
-0.0362095 2.39444 -0.0788207 0.0187017 144.262
-0.0062723 2.50917 -0.156886 0.0187017 144.262
-0.109879 2.4261 -0.052455 0.0187017 144.262
-0.118597 2.5083 -0.123919 0.0187017 144.262
-0.0859229 2.45352 -0.149049 0.0187017 144.262
-0.0406025 2.39409 -0.0733504 0.0187017 144.262
-0.0458017 2.5809 -0.0783229 0.0187017 144.262
-0.0152796 2.57304 -0.0997809 0.0187017 144.262
-0.0788586 2.4402 -0.00146534 0.0187017 144.262
-0.10467 2.55564 -0.0572945 0.0187017 144.262
-0.0457452 2.44067 0.0073446 0.0187017 144.262
-0.0565898 2.56936 -0.116626 0.0187017 144.262
-0.0743452 2.45482 -0.155128 0.0187017 144.262
-0.0293041 2.57824 -0.0921026 0.0187017 144.262
-0.0329303 2.56523 -0.0223061 0.0187017 144.262
-0.025765 2.42282 -0.138797 0.0187017 144.262
-0.0430375 2.39442 -0.0816291 0.0187017 144.262
-0.0180658 2.42691 -0.00670679 0.0187017 144.262
0.0136143 2.56215 -0.0691144 0.0187017 144.262
-0.0376226 2.40406 -0.115256 0.0187017 144.262
-0.0963429 2.55975 -0.0479947 0.0187017 144.262
-0.0754055 2.54578 -0.138924 0.0187017 144.262
0.00326519 2.40808 -0.0556636 0.0187017 144.262
-0.0996941 2.44836 -0.136331 0.0187017 144.262
0.0286164 2.50426 -0.0152706 0.0187017 144.262
0.0295363 2.42902 -0.0631476 0.0187017 144.262
-0.130684 2.50984 -0.0957292 0.0187017 144.262
-0.0636028 2.57477 -0.0999606 0.0187017 144.262
0.0470766 2.50925 -0.0584344 0.0187017 144.262
-0.0753007 2.55682 -0.0198057 0.0187017 144.262
-0.102496 2.45114 -0.0115815 0.0187017 144.262
-0.0315494 2.47096 -0.164838 0.0187017 144.262
-0.0430732 2.57719 -0.100183 0.0187017 144.262
-0.0392659 2.58059 -0.0644821 0.0187017 144.262
0.00609881 2.49418 -0.15302 0.0187017 144.262
-0.0989992 2.5342 -0.0152442 0.0187017 144.262
-0.0311499 2.40243 -0.110395 0.0187017 144.262
-0.0156315 2.54537 -0.141857 0.0187017 144.262
0.0188082 2.43154 -0.116252 0.0187017 144.262
-0.0722128 2.40191 -0.0504571 0.0187017 144.262
-0.0922139 2.56425 -0.0936613 0.0187017 144.262
-0.0975135 2.48042 0.00188254 0.0187017 144.262
0.0288292 2.42812 -0.0836059 0.0187017 144.262
-0.00446274 2.55966 -0.0277616 0.0187017 144.262
-0.0242339 2.55407 -0.136602 0.0187017 144.262
-0.0809895 2.40866 -0.0411613 0.0187017 144.262
-0.0708151 2.40046 -0.0924515 0.0187017 144.262
-0.0445705 2.57981 -0.0887303 0.0187017 144.262
0.0498102 2.49299 -0.0864926 0.0187017 144.262
-0.0543757 2.52485 -0.158437 0.0187017 144.262
-0.0111711 2.56817 -0.108958 0.0187017 144.262
-0.0780263 2.53625 -0.145055 0.0187017 144.262
-0.0546793 2.57226 -0.0357083 0.0187017 144.262
-0.0135579 2.39902 -0.0659429 0.0187017 144.262
0.0422182 2.46188 -0.103225 0.0187017 144.262
-0.084225 2.40544 -0.0898294 0.0187017 144.262
0.0120874 2.563 -0.0657271 0.0187017 144.262
-0.0990579 2.45945 -0.142544 0.0187017 144.262
-0.00489421 2.57187 -0.0588414 0.0187017 144.262
-0.112635 2.53756 -0.110163 0.0187017 144.262
-0.0222707 2.52913 0.00776757 0.0187017 144.262
-0.0444893 2.57999 -0.0876571 0.0187017 144.262
-0.0478915 2.57974 -0.0586036 0.0187017 144.262
-0.0843384 2.41827 -0.0265643 0.0187017 144.262
-0.0903542 2.54324 -0.0154579 0.0187017 144.262
0.0246868 2.4177 -0.0574699 0.0142298 144.262
-0.00173785 2.45154 -0.006823 0.0142298 144.262
0.00210298 2.55219 -0.0644481 0.0142298 144.262
0.00893606 2.47052 -0.121626 0.0142298 144.262
0.0518976 2.44435 -0.109467 0.0142298 144.262
0.0266679 2.49321 -0.127721 0.0142298 144.262
0.0188767 2.55301 -0.030602 0.0142298 144.262
0.0328065 2.55945 -0.0606622 0.0142298 144.262
0.0677438 2.42783 -0.0698745 0.0142298 144.262
-0.0315154 2.47494 -0.084498 0.0142298 144.262
0.100963 2.46879 -0.0613144 0.0142298 144.262
0.0720522 2.44252 -0.0194495 0.0142298 144.262
-0.0340975 2.49018 -0.0325747 0.0142298 144.262
-0.0351954 2.49535 -0.0770712 0.0142298 144.262
0.0729295 2.47179 -0.000703636 0.0142298 144.262
-0.0224033 2.44374 -0.0625153 0.0142298 144.262
-0.0196531 2.52145 -0.0920333 0.0142298 144.262
0.0415402 2.55847 -0.0656336 0.0142298 144.262
-0.0183086 2.43881 -0.0560412 0.0142298 144.262
-0.0328856 2.51197 -0.0426952 0.0142298 144.262
0.0228249 2.54862 -0.0935705 0.0142298 144.262
0.0326363 2.55855 -0.0688677 0.0142298 144.262
0.0349226 2.55169 -0.0245599 0.0142298 144.262
0.0295219 2.41769 -0.0642265 0.0142298 144.262
0.0213286 2.43133 -0.0160608 0.0142298 144.262
-0.000490814 2.52199 -0.110208 0.0142298 144.262
-0.000970058 2.42907 -0.0367828 0.0142298 144.262
-0.030223 2.50577 -0.0287012 0.0142298 144.262
0.0256416 2.55907 -0.05283 0.0142298 144.262
-0.0320301 2.45933 -0.0621298 0.0142298 144.262
0.0313697 2.5419 -0.103873 0.0142298 144.262
-0.0275932 2.4507 -0.0592779 0.0142298 144.262
-0.0311629 2.51962 -0.0598098 0.0142298 144.262
0.0119991 2.55583 -0.0477239 0.0142298 144.262
0.0692603 2.42838 -0.0458811 0.0142298 144.262
0.0850695 2.48055 -0.00946668 0.0142298 144.262
-0.00497156 2.43985 -0.0928457 0.0142298 144.262
-0.0378047 2.47978 -0.0609892 0.0142298 144.262
-0.0254261 2.4474 -0.058434 0.0142298 144.262
0.0850118 2.44047 -0.0624236 0.0142298 144.262
0.0846903 2.44254 -0.0730122 0.0142298 144.262
-0.0117903 2.51263 -0.10694 0.0142298 144.262
-0.00383395 2.54944 -0.058158 0.0142298 144.262
0.0116434 2.5267 -0.113128 0.0142298 144.262
0.0645957 2.44237 -0.100886 0.0142298 144.262
0.0547109 2.48534 -0.124584 0.0142298 144.262
-0.00105293 2.55054 -0.049204 0.0142298 144.262
0.0818604 2.53971 -0.053419 0.0142298 144.262
0.0813397 2.47707 -0.107674 0.0142298 144.262
-0.0260355 2.52615 -0.0433306 0.0142298 144.262
0.0545937 2.45429 0.00148553 0.0142298 144.262
-0.0102854 2.47233 -0.00262595 0.0142298 144.262
-0.00316914 2.43088 -0.0354 0.0142298 144.262
0.0418042 2.55753 -0.071147 0.0142298 144.262
0.0617253 2.5508 -0.0750478 0.0142298 144.262
0.0434688 2.42227 -0.0809335 0.0142298 144.262
0.0402879 2.55893 -0.062454 0.0142298 144.262
0.0294844 2.53103 -0.113864 0.0142298 144.262
0.0455723 2.55427 -0.0805917 0.0142298 144.262
0.0755067 2.43202 -0.0498224 0.0142298 144.262
-0.00293101 2.43096 -0.0791862 0.0142298 144.262
0.0317123 2.5593 -0.0627911 0.0142298 144.262
0.096149 2.45928 -0.0432201 0.0142298 144.262
-0.0181295 2.52811 -0.0870054 0.0142298 144.262
-0.000837734 2.52442 -0.108364 0.0142298 144.262
0.0267855 2.4268 -0.0921081 0.0142298 144.262
0.0104108 2.43797 -0.101962 0.0142298 144.262
0.0358214 2.55165 -0.0894167 0.0142298 144.262
0.0937141 2.52499 -0.0582761 0.0142298 144.262
0.0145322 2.55574 -0.0710459 0.0142298 144.262
0.0363 2.42357 -0.0279071 0.0142298 144.262
0.0356538 2.46738 0.0109173 0.0142298 144.262
0.0528426 2.42269 -0.0385612 0.0142298 144.262
-0.0211519 2.51485 -0.095222 0.0142298 144.262
-0.00110654 2.4335 -0.0269156 0.0142298 144.262
0.0500983 2.45197 -0.115579 0.0142298 144.262
0.0492237 2.55732 -0.0632817 0.0142298 144.262
0.0980711 2.46468 -0.072055 0.0142298 144.262
0.074077 2.51972 -0.10567 0.0142298 144.262
-0.0149977 2.54092 -0.051712 0.0142298 144.262
0.0583681 2.54818 -0.0857901 0.0142298 144.262
0.0848944 2.44301 -0.0402936 0.0142298 144.262
0.0392472 2.55637 -0.0769703 0.0142298 144.262
0.072833 2.54683 -0.0508198 0.0142298 144.262
0.014693 2.53831 -0.104387 0.0142298 144.262
0.0113235 2.54546 -0.0937156 0.0142298 144.262
0.0249028 2.52619 0.00278558 0.0142298 144.262
0.0932244 2.52533 -0.0509959 0.0142298 144.262
0.0306484 2.41787 -0.0478202 0.0142298 144.262
0.0426887 2.45746 0.00629753 0.0142298 144.262
0.044767 2.41908 -0.0464206 0.0142298 144.262
0.0200856 2.43615 -0.0103756 0.0142298 144.262
-0.0157645 2.46057 -0.0129674 0.0142298 144.262
0.0325882 2.54574 -0.0991134 0.0142298 144.262
-0.0157058 2.53864 -0.0709367 0.0142298 144.262
0.0343118 2.55953 -0.0563651 0.0142298 144.262
0.0978618 2.48774 -0.0855676 0.0142298 144.262
0.0237696 2.41782 -0.0561285 0.0142298 144.262
0.0160291 2.42394 -0.0319219 0.0142298 144.262
0.0586938 2.42239 -0.0514924 0.0142298 144.262
0.0197146 2.54989 -0.0236417 0.0142298 144.262
-0.0114532 2.54381 -0.0634554 0.0142298 144.262
0.0376476 2.43102 -0.01521 0.0142298 144.262
0.0576111 2.48213 0.00936037 0.0142298 144.262
0.011108 2.54684 -0.0913542 0.0142298 144.262
0.00676995 2.42235 -0.0518151 0.0142298 144.262
0.0696005 2.53517 -0.0180869 0.0142298 144.262
0.0596928 2.52315 -0.00107629 0.0142298 144.262
0.0820092 2.44798 -0.0254087 0.0142298 144.262
0.0292421 2.55941 -0.0542654 0.0142298 144.262
0.0204543 2.54316 -0.013258 0.0142298 144.262
-0.019555 2.47784 -0.00988142 0.0142298 144.262
0.0761861 2.51571 -0.106246 0.0142298 144.262
0.0831566 2.52837 -0.0873102 0.0142298 144.262
0.032834 2.52239 -0.119497 0.0142298 144.262
0.0480503 2.44924 -0.114377 0.0142298 144.262
0.0153913 2.41946 -0.0538886 0.0142298 144.262
0.0459174 2.42851 -0.0930558 0.0142298 144.262
-0.0174383 2.5289 -0.0871079 0.0142298 144.262
0.0829816 2.52639 -0.0239558 0.0142298 144.262
0.0304962 2.5575 -0.0737989 0.0142298 144.262
-0.00238335 2.54896 -0.0442318 0.0142298 144.262
0.00135275 2.4903 0.00684725 0.0142298 144.262
0.102405 2.47572 -0.0635926 0.0142298 144.262
0.0984573 2.46161 -0.0523812 0.0142298 144.262
0.0257941 2.4177 -0.0530362 0.0142298 144.262
-0.0132228 2.45628 -0.10082 0.0142298 144.262
0.0261968 2.54984 -0.0217101 0.0142298 144.262
0.000821459 2.55141 -0.0483533 0.0142298 144.262
0.0399057 2.4197 -0.0399436 0.0142298 144.262
0.0802678 2.50595 -0.106914 0.0142298 144.262
0.0363257 2.54358 -0.101762 0.0142298 144.262
0.0586666 2.4278 -0.0837491 0.0142298 144.262
0.0128693 2.43088 -0.0201057 0.0142298 144.262
-0.0233097 2.47213 -0.0977294 0.0142298 144.262
0.0416136 2.55548 -0.0789574 0.0142298 144.262
0.014535 2.55678 -0.0495512 0.0142298 144.262
0.00808299 2.44312 -0.00794551 0.0142298 144.262
-0.0309426 2.45661 -0.0562108 0.0142298 144.262
0.0895894 2.48198 -0.0992458 0.0142298 144.262
-0.000644573 2.55087 -0.0501502 0.0142298 144.262
-0.00999426 2.53925 -0.0314391 0.0142298 144.262
0.100501 2.49465 -0.0776562 0.0142298 144.262
0.0208418 2.41848 -0.0513143 0.0142298 144.262
0.0202106 2.54731 -0.0948723 0.0142298 144.262
0.0915353 2.4801 -0.0961399 0.0142298 144.262
-0.0230039 2.47196 -0.0159031 0.0142298 144.262
0.0818369 2.43703 -0.0601408 0.0142298 144.262
-0.0118781 2.52603 -0.016267 0.0142298 144.262
0.0339973 2.41731 -0.0596929 0.0142298 144.262
0.0499823 2.55642 -0.0452683 0.0142298 144.262
0.0402324 2.5539 -0.083729 0.0142298 144.262
0.038473 2.42874 -0.0953342 0.0142298 144.262
-0.00538065 2.51952 -0.00558503 0.0142298 144.262
0.0364632 2.55455 -0.0310786 0.0142298 144.262
0.0563215 2.5555 -0.0581992 0.0142298 144.262
0.0275777 2.55291 -0.0865677 0.0142298 144.262
0.0784007 2.44456 -0.0245508 0.0142298 144.262
0.0944646 2.46663 -0.0848179 0.0142298 144.262
-0.0260039 2.46896 -0.0921709 0.0142298 144.262
0.0289919 2.41747 -0.0528388 0.0142298 144.262
0.0333492 2.5589 -0.0474166 0.0142298 144.262
0.0310777 2.51984 0.00681178 0.0142298 144.262
0.0524443 2.53673 -0.105335 0.0142298 144.262
0.029423 2.41784 -0.0484331 0.0142298 144.262
0.0630988 2.55262 -0.0532004 0.0142298 144.262
-0.0250383 2.45806 -0.0854009 0.0142298 144.262
-0.0298591 2.45655 -0.0685523 0.0142298 144.262
0.0893115 2.51629 -0.0898555 0.0142298 144.262
0.0535588 2.42246 -0.0402759 0.0142298 144.262
0.0566986 2.54654 -0.0902533 0.0142298 144.262
0.101138 2.48829 -0.0764683 0.0142298 144.262
0.0179784 2.556 -0.0735954 0.0142298 144.262
0.0107259 2.55575 -0.0504928 0.0142298 144.262
0.0143379 2.55617 -0.0454919 0.0142298 144.262
0.0196901 2.55211 -0.0858696 0.0142298 144.262
0.00132102 2.50293 -0.119169 0.0142298 144.262
-0.0161739 2.53982 -0.0516631 0.0142298 144.262
0.0450703 2.46801 -0.124028 0.0142298 144.262
0.0392369 2.54987 -0.0217695 0.0142298 144.262
0.0128846 2.55038 -0.085749 0.0142298 144.262
-0.0354291 2.46937 -0.0494113 0.0142298 144.262
0.0562296 2.55555 -0.0573076 0.0142298 144.262
0.0474005 2.51742 -0.120268 0.0142298 144.262
0.0143845 2.42111 -0.042917 0.0142298 144.262
0.0285822 2.42019 -0.0371854 0.0142298 144.262
-0.00662137 2.54266 -0.0330888 0.0142298 144.262
0.0568743 2.4322 -0.0206559 0.0142298 144.262
-0.0253128 2.46905 -0.0933467 0.0142298 144.262
0.0135547 2.42781 -0.0890052 0.0142298 144.262
0.0638693 2.47941 -0.120319 0.0142298 144.262
-0.0278765 2.45545 -0.0744959 0.0142298 144.262
0.035412 2.5094 -0.124918 0.0142298 144.262
0.0632751 2.54738 -0.0315279 0.0142298 144.262
-0.0306653 2.47561 -0.0867023 0.0142298 144.262
-0.0137289 2.44578 -0.0900023 0.0142298 144.262
0.040934 2.53266 -0.112086 0.0142298 144.262
0.0162109 2.55642 -0.0442308 0.0142298 144.262
0.0435076 2.55864 -0.0536687 0.0142298 144.262
0.040744 2.55895 -0.0525961 0.0142298 144.262
